<<<< 1 <<<< 
4800515
4977383
5297032
5644624
5934704
6083177
6511254
6707981
6954640
7206715
7570469
7714484
7933737
8291038
8473549
8742527
8880911
9249189
9465134
9587063
9883119
1013178
1037255
1054466
1071686
1110295
 
 
<<<< 2 <<<< 
1413472
2102203
2501085
3042487
3293506
3758617
4091871
4332707
4800515
4977383
5297032
5644624
5934704
6083177
6511254
6707981
6954640
7206715
7570469
7714484
7933737
8291038
8473549
8742527
8880911
9249189
9465134
9587063
9883119
1013178
1037255
1054466
1071686
1110295
 
 
