[9, 34, 1, 29, 40, 1, 53, 192, 71, 126, 123, 33, 44, 249, 103, 202]
<<<< 1 <<<< 
48.00515
49.77383
52.97032
56.44624
59.34704
60.83177
65.11254
67.07981
69.54640
72.06715
75.70469
77.14484
79.33737
82.91038
84.73549
87.42527
88.80911
92.49189
94.65134
95.87063
98.83119
101.3178
103.7255
105.4466
107.1686
111.0295
 
 
<<<< 2 <<<< 
14.13472
21.02203
25.01085
30.42487
32.93506
37.58617
40.91871
43.32707
48.00515
49.77383
52.97032
56.44624
59.34704
60.83177
65.11254
67.07981
69.54640
72.06715
75.70469
77.14484
79.33737
82.91038
84.73549
87.42527
88.80911
92.49189
94.65134
95.87063
98.83119
101.3178
103.7255
105.4466
107.1686
111.0295
 
 
<<<< 3 <<<< 
14.13472
21.02203
25.01085
30.42487
32.93506
37.58617
40.91871
43.32707
48.00515
49.77383
52.97032
56.44624
59.34704
60.83177
65.11254
67.07981
69.54640
72.06715
75.70469
77.14484
79.33737
82.91038
84.73549
87.42527
88.80911
92.49189
94.65134
95.87063
98.83119
 
 
<<<< 4 <<<< 
98.83119
101.3178
103.7255
105.4466
107.1686
111.0295
111.8746
114.3202
116.2266
118.7907
121.3701
122.9468
 
 
<<<< 5 <<<< 
14.13472
21.02203
25.01085
30.42487
32.93506
37.58617
40.91871
43.32707
48.00515
49.77383
52.97032
56.44624
59.34704
60.83177
65.11254
67.07981
69.54640
72.06715
75.70469
77.14484
79.33737
82.91038
84.73549
87.42527
88.80911
92.49189
94.65134
95.87063
98.83119
101.3178
103.7255
105.4466
107.1686
111.0295
111.8746
114.3202
116.2266
118.7907
121.3701
122.9468
 
 
<<<< 6 <<<< 
14.13472
21.02203
25.01085
30.42487
32.93506
37.58617
40.91871
43.32707
48.00515
49.77383
52.97032
56.44624
59.34704
60.83177
65.11254
67.07981
69.54640
72.06715
75.70469
77.14484
79.33737
82.91038
84.73549
87.42527
88.80911
92.49189
94.65134
95.87063
98.83119
101.3178
103.7255
105.4466
107.1686
111.0295
111.8746
114.3202
116.2266
118.7907
121.3701
122.9468
124.2568
127.5166
129.5787
131.0876
133.4977
134.7565
138.1160
139.7362
141.1237
143.1118
146.0009
147.4227
150.0535
 
 
<<<< 7 <<<< 
150.0535
150.9252
153.0246
156.1129
157.5975
158.8499
161.1889
163.0307
165.5370
167.1844
169.0945
169.9119
173.4115
174.7541
176.4414
178.3774
179.9164
182.2070
184.8744
185.5987
187.2289
189.4161
192.0266
193.0797
195.2653
196.8764
198.0153
201.2647
202.4935
204.1896
205.3946
207.9062
209.5765
211.6908
213.3479
214.5470
216.1695
219.0675
220.7149
221.4307
224.0070
224.9833
227.4214
229.3374
231.2501
231.9872
233.6934
236.5242
237.7698
239.5554
241.0491
242.8232
244.0708
247.1369
248.1019
249.5736
251.0149
253.0699
255.3062
256.3807
258.6104
259.8744
260.8050
263.5738
265.5578
266.6149
267.9219
269.9704
271.4940
273.4596
275.5874
276.4520
278.2507
279.2292
282.4651
283.2111
284.8359
286.6674
287.9119
289.5798
291.8462
293.5584
294.9653
295.5732
297.9792
299.8403
301.6493
302.6967
304.8643
305.7289
307.2194
310.1094
311.1651
312.4278
313.9852
315.4756
317.7348
318.8531
321.1601
322.1445
323.4669
324.8628
327.4439
329.0330
329.9532
331.4744
333.6453
334.2113
336.8418
338.3399
339.8582
341.0422
342.0548
344.6617
346.3478
347.2726
349.3162
350.4084
351.8786
353.4889
356.0175
357.1513
357.9526
359.7437
361.2893
363.3313
364.7360
366.2127
367.9935
368.9684
370.0509
373.0619
373.8648
375.8259
376.3240
378.4366
379.8729
381.4844
383.4435
384.9561
 
 
<<<< 8 <<<< 
184.8744
185.5987
187.2289
189.4161
192.0266
193.0797
195.2653
196.8764
198.0153
201.2647
202.4935
204.1896
205.3946
207.9062
209.5765
211.6908
213.3479
214.5470
216.1695
219.0675
220.7149
221.4307
224.0070
224.9833
227.4214
229.3374
231.2501
231.9872
233.6934
236.5242
237.7698
239.5554
241.0491
242.8232
244.0708
247.1369
248.1019
249.5736
251.0149
253.0699
255.3062
256.3807
258.6104
259.8744
260.8050
263.5738
265.5578
266.6149
267.9219
269.9704
271.4940
273.4596
275.5874
276.4520
278.2507
279.2292
282.4651
283.2111
284.8359
286.6674
287.9119
289.5798
291.8462
293.5584
294.9653
295.5732
297.9792
299.8403
301.6493
302.6967
304.8643
305.7289
307.2194
310.1094
311.1651
312.4278
313.9852
315.4756
317.7348
318.8531
321.1601
322.1445
323.4669
324.8628
327.4439
329.0330
329.9532
331.4744
333.6453
334.2113
336.8418
338.3399
339.8582
341.0422
342.0548
344.6617
346.3478
347.2726
349.3162
350.4084
351.8786
353.4889
356.0175
357.1513
357.9526
359.7437
361.2893
363.3313
364.7360
366.2127
367.9935
368.9684
370.0509
373.0619
373.8648
375.8259
376.3240
378.4366
379.8729
381.4844
383.4435
384.9561
 
 
<<<< 9 <<<< 
184.8744
185.5987
187.2289
189.4161
192.0266
193.0797
195.2653
196.8764
198.0153
201.2647
202.4935
204.1896
205.3946
207.9062
209.5765
211.6908
213.3479
214.5470
216.1695
219.0675
220.7149
221.4307
224.0070
224.9833
227.4214
229.3374
231.2501
231.9872
233.6934
236.5242
237.7698
239.5554
241.0491
242.8232
244.0708
247.1369
248.1019
249.5736
251.0149
253.0699
255.3062
256.3807
258.6104
259.8744
260.8050
263.5738
265.5578
266.6149
267.9219
269.9704
271.4940
273.4596
275.5874
276.4520
278.2507
279.2292
 
 
<<<< 10 <<<< 
275.5874
276.4520
278.2507
279.2292
 
 
<<<< 11 <<<< 
107.1686
111.0295
111.8746
114.3202
116.2266
118.7907
121.3701
122.9468
124.2568
127.5166
129.5787
131.0876
133.4977
134.7565
138.1160
139.7362
141.1237
143.1118
146.0009
147.4227
150.0535
150.9252
153.0246
156.1129
157.5975
158.8499
161.1889
163.0307
165.5370
167.1844
169.0945
169.9119
173.4115
174.7541
176.4414
178.3774
179.9164
182.2070
184.8744
185.5987
187.2289
189.4161
192.0266
193.0797
195.2653
196.8764
198.0153
201.2647
202.4935
204.1896
205.3946
207.9062
209.5765
211.6908
213.3479
214.5470
216.1695
219.0675
220.7149
221.4307
224.0070
224.9833
227.4214
229.3374
231.2501
231.9872
233.6934
236.5242
237.7698
239.5554
241.0491
242.8232
244.0708
247.1369
248.1019
249.5736
251.0149
253.0699
255.3062
256.3807
258.6104
259.8744
260.8050
263.5738
265.5578
266.6149
267.9219
269.9704
271.4940
273.4596
275.5874
 
 
<<<< 12 <<<< 
107.1686
111.0295
111.8746
114.3202
116.2266
118.7907
121.3701
122.9468
124.2568
127.5166
129.5787
131.0876
 
 
<<<< 13 <<<< 
131.0876
133.4977
134.7565
138.1160
139.7362
141.1237
143.1118
146.0009
147.4227
150.0535
150.9252
153.0246
156.1129
157.5975
158.8499
161.1889
163.0307
165.5370
167.1844
169.0945
169.9119
173.4115
174.7541
176.4414
178.3774
179.9164
182.2070
184.8744
185.5987
187.2289
189.4161
192.0266
193.0797
195.2653
196.8764
198.0153
201.2647
202.4935
204.1896
205.3946
207.9062
209.5765
211.6908
213.3479
214.5470
216.1695
219.0675
220.7149
221.4307
224.0070
224.9833
227.4214
229.3374
231.2501
231.9872
233.6934
236.5242
237.7698
239.5554
241.0491
242.8232
244.0708
247.1369
248.1019
249.5736
251.0149
253.0699
255.3062
256.3807
258.6104
259.8744
260.8050
263.5738
265.5578
266.6149
267.9219
269.9704
271.4940
273.4596
275.5874
276.4520
278.2507
279.2292
282.4651
283.2111
284.8359
286.6674
287.9119
289.5798
291.8462
293.5584
294.9653
295.5732
297.9792
299.8403
301.6493
302.6967
304.8643
305.7289
307.2194
310.1094
311.1651
312.4278
313.9852
315.4756
317.7348
318.8531
321.1601
322.1445
323.4669
324.8628
327.4439
329.0330
329.9532
331.4744
333.6453
334.2113
336.8418
338.3399
339.8582
341.0422
342.0548
344.6617
346.3478
347.2726
349.3162
350.4084
351.8786
353.4889
356.0175
357.1513
357.9526
359.7437
361.2893
363.3313
364.7360
366.2127
367.9935
368.9684
370.0509
373.0619
373.8648
375.8259
376.3240
378.4366
379.8729
381.4844
383.4435
384.9561
385.8613
387.2228
388.8461
391.4560
392.2450
393.4277
395.5828
396.3818
397.9187
399.9851
401.8392
402.8619
404.2364
405.1343
407.5814
408.9472
410.5138
411.9722
413.2627
415.0188
415.4552
418.3877
419.8613
420.6438
422.0767
423.7165
425.0698
427.2088
428.1279
430.3287
431.3013
432.1386
433.8892
436.1610
437.5816
438.6217
439.9184
441.6831
442.9045
444.3193
446.8606
447.4417
449.1485
450.1269
451.4033
453.9867
454.9746
456.3284
457.9038
459.5134
460.0879
462.0653
464.0572
465.6715
466.5702
467.4390
469.5360
 
 
<<<< 14 <<<< 
241.0491
242.8232
244.0708
247.1369
248.1019
249.5736
251.0149
253.0699
255.3062
256.3807
258.6104
259.8744
260.8050
263.5738
265.5578
266.6149
267.9219
269.9704
271.4940
273.4596
275.5874
276.4520
278.2507
279.2292
282.4651
283.2111
284.8359
286.6674
287.9119
289.5798
291.8462
293.5584
294.9653
295.5732
297.9792
299.8403
301.6493
302.6967
304.8643
305.7289
307.2194
310.1094
311.1651
312.4278
313.9852
315.4756
317.7348
318.8531
321.1601
322.1445
323.4669
324.8628
327.4439
329.0330
329.9532
331.4744
333.6453
334.2113
336.8418
338.3399
339.8582
341.0422
342.0548
344.6617
346.3478
347.2726
349.3162
350.4084
351.8786
353.4889
356.0175
357.1513
357.9526
359.7437
361.2893
363.3313
364.7360
366.2127
367.9935
368.9684
370.0509
373.0619
373.8648
375.8259
376.3240
378.4366
379.8729
381.4844
383.4435
384.9561
385.8613
387.2228
388.8461
391.4560
392.2450
393.4277
395.5828
396.3818
397.9187
399.9851
401.8392
402.8619
404.2364
405.1343
407.5814
408.9472
410.5138
411.9722
413.2627
415.0188
415.4552
418.3877
419.8613
420.6438
422.0767
423.7165
425.0698
427.2088
428.1279
430.3287
431.3013
432.1386
433.8892
436.1610
437.5816
438.6217
439.9184
441.6831
442.9045
444.3193
446.8606
447.4417
449.1485
450.1269
451.4033
453.9867
454.9746
456.3284
457.9038
459.5134
460.0879
462.0653
464.0572
465.6715
466.5702
467.4390
469.5360
 
 
<<<< 15 <<<< 
241.0491
242.8232
244.0708
247.1369
248.1019
249.5736
251.0149
253.0699
255.3062
256.3807
258.6104
259.8744
260.8050
263.5738
265.5578
266.6149
267.9219
269.9704
271.4940
273.4596
275.5874
276.4520
278.2507
279.2292
282.4651
283.2111
284.8359
286.6674
287.9119
289.5798
291.8462
293.5584
294.9653
295.5732
297.9792
299.8403
301.6493
302.6967
304.8643
305.7289
307.2194
310.1094
311.1651
312.4278
313.9852
315.4756
317.7348
318.8531
321.1601
322.1445
323.4669
324.8628
327.4439
329.0330
329.9532
331.4744
333.6453
334.2113
336.8418
338.3399
339.8582
341.0422
342.0548
344.6617
346.3478
347.2726
349.3162
350.4084
351.8786
353.4889
356.0175
357.1513
357.9526
359.7437
361.2893
363.3313
364.7360
366.2127
367.9935
368.9684
370.0509
373.0619
373.8648
375.8259
376.3240
378.4366
379.8729
381.4844
383.4435
384.9561
385.8613
387.2228
388.8461
391.4560
392.2450
393.4277
395.5828
396.3818
397.9187
399.9851
 
 
