<<<< 1 <<<< 
48.00515
49.77383
52.97032
56.44624
59.34704
60.83177
65.11254
67.07981
69.54640
72.06715
75.70469
77.14484
79.33737
82.91038
84.73549
87.42527
88.80911
92.49189
94.65134
95.87063
98.83119
101.3178
103.7255
105.4466
107.1686
111.0295
 
 
<<<< 2 <<<< 
14.13472
21.02203
25.01085
30.42487
32.93506
37.58617
40.91871
43.32707
48.00515
49.77383
52.97032
56.44624
59.34704
60.83177
65.11254
67.07981
69.54640
72.06715
75.70469
77.14484
79.33737
82.91038
84.73549
87.42527
88.80911
92.49189
94.65134
95.87063
98.83119
101.3178
103.7255
105.4466
107.1686
111.0295
 
 
