Number Entered was: 312465337663847687520197224684254725160314585359239487067991454916727139611573010252308644638572481350753025840291691422141500299978983908621403197154678231464971308339898585337429859258852486166413173737871820537385412339481277968718439950671341500030500227232271121274357749500007699052670326407947
Sum of digits : 1606
[1, [928], 1336]
[2, [3471], 3996]
[3, [4943], 5396]
[4, [6451, 6452], 6774]
[5, [9639], 9569]
[6, [13123, 13124], 12501]
[7, [14762], 13847]
[8, [16358, 16359], 15142]
[9, [18019, 18020], 16475]
[10, [19690], 17802]
[11, [21376, 21377], 19129]
[12, [23091], 20466]
[13, [24769, 24770], 21765]
[14, [26581], 23156]
[15, [28379], 24527]
[16, [31901, 31902], 27187]
[17, [33686], 28522]
[18, [35481, 35482], 29858]
[19, [37236], 31157]
[20, [39177], 32586]
[21, [42655], 35130]
[22, [44506, 44507], 36475]
[23, [46299], 37772]
[24, [48246, 48247], 39175]
[25, [50077, 50078], 40489]
[26, [51989], 41856]
[27, [53823, 53824], 43163]
[28, [55601, 55602], 44425]
[29, [57598, 57599], 45838]
[30, [59462, 59463], 47153]
[31, [63466], 49963]
[32, [65459], 51355]
[33, [67390, 67391], 52700]
[34, [69371, 69372], 54076]
[35, [71239, 71240], 55370]
[36, [73064], 56630]
[37, [74941], 57924]
[38, [76929], 59290]
[39, [78849], 60607]
[40, [80713], 61882]
[41, [82801, 82802], 63307]
[42, [84975], 64787]
[43, [86830], 66047]
[44, [88845], 67412]
[45, [90937], 68827]
[46, [92964, 92965], 70195]
[47, [94926], 71516]
[48, [96844, 96845, 96846], 72806]
[49, [98814, 98815], 74127]
[50, [100744], 75419]
[51, [102716, 102717], 76737]
[52, [104929, 104930], 78213]
[53, [107022, 107023], 79607]
[54, [109069, 109070], 80967]
[55, [113245], 83734]
[56, [115364, 115365], 85135]
[57, [117334], 86435]
[58, [119520, 119521], 87875]
[59, [121721], 89322]
[60, [123642, 123643], 90584]
[61, [125721, 125722], 91947]
[62, [127862], 93348]
[63, [130010], 94752]
[64, [132039], 96076]
[65, [134111], 97426]
[66, [136147], 98751]
[67, [138377], 100200]
[68, [140473, 140474], 101560]
[69, [142720, 142721], 103016]
[70, [144819], 104374]
[71, [146815, 146816], 105664]
[72, [148891, 148892], 107004]
[73, [150988, 150989], 108355]
[74, [152980], 109637]
[75, [155035], 110958]
[76, [157083], 112273]
[77, [159231, 159232], 113651]
[78, [161375, 161376], 115025]
[79, [163508, 163509], 116389]
[80, [165570, 165571], 117707]
[81, [167676], 119051]
[82, [169696, 169697], 120339]
[83, [171924, 171925], 121758]
[84, [174012, 174013], 123086]
[85, [175998], 124348]
[86, [178115, 178116], 125692]
[87, [180271, 180272], 127059]
[88, [184705, 184706], 129866]
[89, [186693], 131122]
[90, [188870, 188871], 132497]
[91, [190850, 190851, 190852], 133746]
[92, [192909], 135043]
[93, [195174, 195175], 136469]
[94, [197344, 197345], 137834]
[95, [199473, 199474], 139172]
[96, [201561, 201562], 140482]
[97, [203719], 141835]
[98, [205918], 143213]
[99, [208074], 144562]
[100, [210305], 145957]
[101, [212465, 212466], 147307]
[102, [214593, 214594], 148635]
[103, [216858, 216859], 150047]
[104, [219056, 219057], 151417]
[105, [221132, 221133], 152709]
[106, [223330, 223331], 154076]
[107, [225574], 155470]
[108, [227650], 156759]
[109, [229850, 229851], 158124]
[110, [232202], 159581]
[111, [234309], 160886]
[112, [236581, 236582], 162292]
[113, [238959, 238960], 163762]
[114, [241093], 165080]
[115, [243172, 243173], 166363]
[116, [245326, 245327], 167692]
[117, [247629], 169111]
[118, [249805, 249806], 170451]
[119, [251905], 171743]
[120, [254150, 254151], 173123]
[121, [256366], 174484]
[122, [258475], 175779]
[123, [260584, 260585], 177073]
[124, [262759, 262760], 178406]
[125, [264961, 264962], 179755]
[126, [267332], 181206]
[127, [269681], 182642]
[128, [271956, 271957], 184033]
[129, [274103, 274104], 185344]
[130, [276365], 186724]
[131, [278502, 278503, 278504], 188028]
[132, [280742, 280743], 189393]
[133, [282951, 282952], 190738]
[134, [285234, 285235, 285236], 192128]
[135, [287502, 287503], 193507]
[136, [289686, 289687], 194834]
[137, [291854, 291855], 196151]
[138, [294136, 294137], 197536]
[139, [296357, 296358], 198883]
[140, [298587, 298588], 200235]
[141, [300720], 201527]
[142, [303004, 303005], 202909]
[143, [305199, 305200], 204237]
[144, [307235], 205468]
[145, [309496], 206834]
[146, [311766, 311767], 208205]
[147, [313867, 313868], 209473]
[148, [316135, 316136], 210841]
[149, [318401, 318402], 212207]
[150, [320574, 320575], 213516]
[151, [322822], 214869]
[152, [325134], 216260]
[153, [327503, 327504, 327505], 217685]
[154, [329722, 329723], 219018]
[155, [331891, 331892], 220321]
[156, [334131], 221665]
[157, [336336, 336337], 222988]
[158, [338589, 338590], 224339]
[159, [340772, 340773], 225647]
[160, [342903, 342904], 226923]
[161, [345079, 345080], 228226]
[162, [347347], 229582]
[163, [349590], 230923]
[164, [351909, 351910], 232309]
[165, [354063], 233595]
[166, [356260, 356261], 234907]
[167, [358535], 236264]
[168, [360651, 360652], 237526]
[169, [362987, 362988], 238918]
[170, [365230, 365231], 240254]
[171, [367530], 241623]
[172, [369819, 369820], 242985]
[173, [372008], 244287]
[174, [374235, 374236], 245611]
[175, [376600, 376601, 376602], 247016]
[176, [378868], 248362]
[177, [381130, 381131], 249704]
[178, [383263, 383264], 250970]
[179, [385554, 385555], 252328]
[180, [387934], 253738]
[181, [390283, 390284, 390285], 255130]
[182, [392687, 392688], 256553]
[183, [394907, 394908], 257866]
[184, [397292], 259276]
[185, [399574], 260625]
[186, [401800], 261940]
[187, [404089, 404090], 263292]
[188, [406379], 264643]
[189, [408753, 408754], 266044]
[190, [411023], 267382]
[191, [415520], 270032]
[192, [417936, 417937], 271455]
[193, [420285, 420286], 272837]
[194, [422634, 422635], 274219]
[195, [425026], 275625]
[196, [427106, 427107, 427108], 276848]
[197, [429331, 429332], 278155]
[198, [431597], 279485]
[199, [433985], 280887]
[200, [436267, 436268], 282226]
[201, [438624, 438625], 283608]
[202, [440870], 284924]
[203, [443171], 286272]
[204, [445426, 445427], 287593]
[205, [447619, 447620], 288877]
[206, [449800, 449801], 290153]
[207, [452193, 452194, 452195], 291553]
[208, [454515, 454516], 292910]
[209, [456808, 456809], 294250]
[210, [459094], 295585]
[211, [461413, 461414], 296939]
[212, [463654], 298247]
[213, [465894], 299554]
[214, [468305, 468306], 300960]
[215, [470632], 302316]
[216, [472883, 472884], 303628]
[217, [475192, 475193], 304973]
[218, [477419], 306269]
[219, [479805, 479806], 307658]
[220, [482265], 309089]
[221, [484616, 484617], 310456]
[222, [486975], 311827]
[223, [489348, 489349], 313206]
[224, [491670], 314554]
[225, [494035], 315927]
[226, [498814, 498815], 318700]
[227, [501043], 319992]
[228, [503283, 503284], 321291]
[229, [505609], 322638]
[230, [507863, 507864], 323944]
[231, [510185], 325288]
[232, [512455], 326602]
[233, [514570, 514571, 514572], 327826]
[234, [516912, 516913], 329180]
[235, [519322], 330573]
[236, [521612, 521613], 331897]
[237, [524007, 524008], 333280]
[238, [526341, 526342], 334628]
[239, [528683, 528684, 528685], 335980]
[240, [531155, 531156], 337406]
[241, [533472, 533473], 338743]
[242, [535881], 340131]
[243, [538042], 341377]
[244, [540461, 540462], 342771]
[245, [542897, 542898], 344174]
[246, [545093], 345438]
[247, [547590, 547591, 547592], 346876]
[248, [549947, 549948], 348232]
[249, [552343, 552344], 349610]
[250, [554640], 350930]
[251, [556897], 352227]
[252, [559186], 353542]
[253, [561449], 354842]
[254, [563690, 563691], 356129]
[255, [566202, 566203], 357571]
[256, [568449, 568450], 358860]
[257, [570887], 360258]
[258, [573246, 573247], 361611]
[259, [575655, 575656], 362992]
[260, [577800], 364220]
[261, [580060, 580061], 365515]
[262, [582180, 582181], 366729]
[263, [584451, 584452], 368029]
[264, [586780, 586781], 369362]
[265, [589084, 589085], 370680]
[266, [591537, 591538, 591539], 372083]
[267, [593887, 593888], 373426]
[268, [596179, 596180], 374736]
[269, [598570, 598571], 376102]
[270, [600878], 377420]
[271, [603342, 603343], 378827]
[272, [605832, 605833], 380248]
[273, [608047, 608048, 608049], 381512]
[274, [610349, 610350, 610351], 382825]
[275, [612640, 612641], 384131]
[276, [614982, 614983], 385466]
[277, [617340, 617341], 386810]
[278, [619653], 388127]
[279, [621998, 621999], 389463]
[280, [624392, 624393], 390826]
[281, [626795], 392193]
[282, [629172, 629173], 393546]
[283, [631593, 631594], 394923]
[284, [633972, 633973, 633974], 396276]
[285, [636369], 397638]
[286, [638818, 638819], 399030]
[287, [641144, 641145], 400351]
[288, [643699, 643700], 401802]
[289, [645866], 403032]
[290, [648173, 648174], 404342]
[291, [650588, 650589], 405712]
[292, [653052, 653053, 653054], 407110]
[293, [655504, 655505], 408500]
[294, [657699], 409744]
[295, [659938], 411013]
[296, [662280, 662281], 412340]
[297, [664830], 413784]
[298, [667305, 667306], 415186]
[299, [669510, 669511], 416434]
[300, [671900], 417786]
