3
0
1
4
1
5
9
2
6
5
3
5
8
9
76
92
35
23
31
87
44
67
28
62
40
36
33
85
33
22
75
94
50
09
25
84
88
42
18
91
78
12
68
91
37
90
92 => 26
37
76
59
16
06
59
84
27
05
99
75
49
99
49
46
53
99
20
37
04
72
87
15
67
47
09
64
22
86
66
22
05
83
91
97
84
67
28
82
00
36
43
85
23
52
35
44
20
19
15
74
08
62
78
91
88
22
18
41
87
00
82 
6
5
1
3
2
8
2
3
0
6
6
4
7
0
9
3
8
4
4
6
0
9
5
5
0
5
8
2
2
3
1
7
2
5
3
5
9
4
0
8
1
2
8
4
8
1
1
1
7
4
5
0
2
8
4
1
0
2
7
0
1
9
3
8
5
2
1
1
0
5
5
5
9
6
4
4
6
2
2
9
4
8
9
5
4
9
3
0
3
8
1
9
6
4
4
2
8
8
1
0
9
7
5
6
6
5
9
3
3
4
4
6
1
2
8
4
7
5
6
4
8
2
3
3
7
8
6
7
8
3
1
6
5
